phi1 ,Phi ,phi2 
3.99620727823397,2.79368165125944,0.844737252665141
3.07203127780836,1.39051104722706,3.44125318659994
5.51867998311297,0.751109569558359,4.17004076272102
3.76549017383331,2.02669454562283,1.89561127179775
3.46141272869824,1.78899394217594,6.08331739098235
1.982108816394,1.40404834852923,5.89398785735493
3.86471763627915,1.146245485903,2.74853884453065
2.91667023918278,1.84535827156452,2.94137355145868
3.62997779483367,1.84468925968227,3.4115965657022
4.1878479060867,2.33271960088923,2.18509170316907
3.91951657269003,2.93473512681639,3.12379076456498
1.62208450719965,1.75477139456664,5.70496359064871
3.29358202984269,1.21236223782449,0.944086942853125
3.70780708572109,0.92081446356469,4.88832004838171
5.70455980519975,1.84853144916234,1.6471619375451
4.94482132699584,1.62925726427383,3.58884281142063
4.14111996943148,1.8241420614339,5.02808473650822
2.99453606889893,0.960643889115661,1.81456811984431
3.68159282025895,0.36760684502321,2.30562808570761
5.35844262600585,0.64536108572756,4.91711518102977
1.84628403706338,1.55199907628601,5.73778238108891
3.15367119309881,2.11987408403712,0.281928026684836
4.60914604563311,2.29285861318214,1.83586026100804
5.37799863807111,1.63310479897089,3.66994494197588
0.295091341738116,1.27614897185065,6.18115559566911
1.46304326094787,2.52702329943776,3.30700441277643
3.44837572786562,1.44078604809154,1.87875513633488
0.448217648811672,1.55969450073094,4.7195869469003
4.55138115847456,1.31552032250679,2.02545217608724
4.46477583446833,3.00910854356011,2.31528452973654
4.0134242106821,2.06450486561801,0.212894228983772
5.32053294618027,2.28299442078904,3.20374426450807
3.84829793582697,2.70989902534905,0.479586092608765
2.7992320893059,1.70817171852498,3.66371534918424
4.3545733992617,1.52957873524184,0.477434386203987
5.71509784065367,1.11279495433197,2.0178457405531
3.43127781232109,2.15276343192213,3.00320988573972
1.39598814454605,1.18113324984438,3.31084996266197
0.99173421035418,2.430941901517,5.27733062793359
2.17476255662924,1.66761546680699,2.73624763356255
3.86757054784422,0.399417928677518,2.3963130948495
0.538278894567213,1.86541687873206,3.13697115639745
2.49407178591079,1.4307756298255,3.91880295219018
3.29793849409266,2.77295285323709,1.58594760417333
3.77587243236773,2.146779835681,2.13442461670051
2.66820098123734,2.36946202502018,3.52375787697141
2.93713975985813,1.85484423752163,4.28115985182102
4.93787281968671,1.52473863267218,0.84488086334346
2.68186236532961,1.90685516484834,4.39810403671651
1.75886653927907,2.72014386778785,2.14452325920826
3.52602776130876,2.96966115979187,5.95666111933946
3.9192895019334,1.93454092203197,0.216430224446344
2.47255974546701,0.608663511588646,5.77565808654061
3.2050962944672,2.43620640352831,3.07337030364499
6.14077942298945,1.19614663882743,3.10248869657689
0.960635810261601,0.123060640973005,0.262910065282363
1.0879903322091,0.512422540327651,2.79950220088087
5.31538740706149,1.95919571488114,1.74573198688692
0.648152709516368,1.81214515574462,2.17415059031977
1.9717189280566,1.38619548233382,3.329901845885
4.77938434449656,0.693109537662184,4.36218951424874
1.40204884219099,2.44861987280215,0.265943137844125
3.25413494407737,0.69639861461638,5.76617386052365
2.64559642863969,2.27251969774386,4.346320023475
1.03790372261347,2.24339721189676,4.55115289455161
0.669692609002694,2.61967628120138,3.14946295010711
3.54087650947658,2.92920610634782,2.98164249482912
5.64735934234725,1.62149551919435,5.94997132051866
1.82786566811872,1.72926949409192,1.02648661153699
5.84458082892138,2.46362556263797,2.13966400617378
6.03235763757608,2.29208360733162,5.39927258736124
0.721883242984099,1.51717019039745,3.51791157001011
2.17925944399384,1.64917832984313,1.87818595345487
2.80674703254329,1.25421988943418,2.89361505203807
1.64357441745021,0.206394251905837,0.757635125572259
1.76856348542501,1.84094693832805,3.76671101422991
4.57121866664988,1.16378658380586,0.0141856325542671
2.91985844107888,1.46917996729646,2.6610551284655
1.44344926820787,1.42532254419446,6.03914031569771
4.24418189574493,2.19497674826071,1.32013076312202
6.02647153735818,0.146021553426561,0.43926636272851
3.20324405455105,1.31512281641892,6.21082938351227
2.90992933677047,0.79783722588767,0.634694119361649
1.83622557102295,0.50762342163274,2.38873438150299
4.21089675422236,0.438994746893341,3.09556940667693
1.96223682893544,2.44047859251132,2.81108454785183
1.29324090388445,1.97422739280396,3.20125165737734
0.887172924201379,2.12315323696736,1.13497855484494
5.89522153848512,1.31353887734792,3.56790662690057
2.85687767670151,0.974926969194548,2.63220485576142
0.0311448467018303,1.66269592872299,2.90226659161773
2.90428677355826,1.83843293591495,3.40146861474547
3.32155135646855,0.423095404365843,2.63589734450687
1.46078973768902,0.42513144173944,2.97234665502665
3.53591597111105,0.30795394515247,4.98201521568681
2.80327990855266,1.83724812310809,1.36348165221317
0.920159257475242,1.23723303374498,0.0745190707480496
1.73849185765644,1.2210721731091,1.33786931405852
3.88102703112652,0.618336615434977,2.10569082442113
0.0991169837969004,0.848174905668552,0.467984654395865
6.05325847953743,0.603738578299087,4.36323557219
4.0144112237168,1.42139573043631,5.59150945610085
2.14506869385656,1.86360340670731,3.31137350914897
1.79614088795461,0.509804024289469,4.11729890397856
0.132839723295266,2.57932172599122,4.74793210323816
5.62904139139617,0.288988203179893,2.08091766241425
3.31890254259881,1.78241168052811,2.92609925675775
5.71166388989565,1.68421211140159,0.430613067488426
5.77495465768688,0.247767726351447,2.96253280964062
5.91644116165953,1.48863927259294,6.18062127785781
3.4368221510726,1.50592251245996,3.60188495999739
1.66380842731427,0.906274225969785,1.09144274936361
0.476312414301677,1.46212161968637,4.85379867885513
4.40474207423637,2.76699255221503,5.96269813602845
5.12560213621454,0.553294811524655,2.68019060673768
2.34532601210044,2.75651331828563,1.45966237796574
2.07433563750868,1.90168883917942,1.12271208914757
4.0419704511488,2.59945796545021,0.546571407247958
4.84545273448155,2.49380858921204,3.79419756737029
0.633066845026738,1.68197230681595,5.85191629865982
4.62288893834002,3.13110438094065,2.64259019587698
0.78589606386623,2.29266130263216,1.45062815503983
6.22781441803002,2.66038043917419,0.0294955757599986
2.99609100266117,1.29576079988013,6.21801584483334
5.381025139092,2.14041369101984,3.24957127416887
4.97888543680346,0.430273258242223,2.32413150827939
2.11845855645024,0.976166138692795,5.48340640999294
3.21818822683642,2.56979825031427,0.696162847789691
4.05826997579291,1.58923944159762,0.559214032963453
0.646415331273084,1.16372392932508,3.43942351414934
3.12003001643403,1.16802380748876,6.09751953214386
5.55819651751775,1.15767274915604,1.80953280952815
3.04794491071219,1.81880467394292,4.31244754909412
3.42999366690281,2.86578600366904,3.76545389442628
1.4963836065369,1.5242349135542,3.15885596351753
0.470680177249059,0.766389254619081,0.0855285909667778
1.99424128214786,2.50170531852596,2.0697344724806
1.05136002134839,0.29544849378307,2.24617789799661
1.69672563803211,1.2434220703912,1.88442317849367
5.4547956832167,1.60307183059194,2.54926465904074
5.40004133431044,1.32442800891782,5.21523380978572
4.56829032519105,1.19446683721688,1.78121743457194
3.3663977621389,1.93695927410299,5.19774254846738
4.37869278761032,1.50780518907412,5.94074850634842
3.44247841327605,1.32982714555726,0.117837950982754
3.77069946904955,1.62966519405753,4.43038827223189
0.650608132486186,2.60179101322333,3.74040101990642
3.70581661354074,1.2837251491473,2.93377616023602
4.95865976697229,1.54483627449207,1.46901049743344
0.126984293980256,1.91537746357498,3.87167862366197
3.38501300907778,2.35650866931772,4.74763397166028
2.76416701536867,2.68827192726952,6.12247793165787
0.647681637841492,3.00445769504648,4.84218174064396
2.42605046709468,2.07261437281429,1.81057040635755
5.73173434055034,0.970000009710549,3.09299844595254
6.1192314119158,1.12866394385139,5.6983011596077
4.88910797919928,1.50060648922149,5.1222224102907
2.88543868928126,0.810164148013986,4.52671580755547
2.94091975155856,1.47217758297623,4.27701666413949
1.07795850628555,0.961036652833973,1.6850180460058
5.68228380072935,1.01986778723688,0.25307513814638
0.644668621656635,1.06226389144242,2.99894128562091
3.49412123989817,1.74142941432113,0.281581116701997
2.64718241560982,1.47124062531371,3.66422122963574
4.2085425796017,1.88095112254497,4.90661712354056
2.0272140822606,0.38723592074251,1.12635631539074
0.818333754853636,1.74877525299668,4.51275531464946
4.0963910456584,1.75359320294537,3.85948416292217
0.679229257401088,1.02401936649052,5.90303569584438
2.73208524039568,2.1012541239541,2.58096835756177
4.07136261334462,0.668508011877494,1.44695357041269
2.06196267585521,1.42981730872153,4.40677931237998
2.13590958797732,1.95022625941889,4.64702735744202
3.28486467643305,2.86523348974501,5.65204948530289
5.41723228541785,0.60599227375209,4.81652403744551
1.93214584876797,2.86033342172178,4.40777277557919
3.43694399893193,1.64061252348393,0.876993845526042
2.40727664416251,1.63050749836803,0.617699568697642
0.738348301746254,1.06461442214495,5.02197878782223
4.35453968385864,1.30441098334121,4.6635776999087
2.45749609297042,0.538009918067488,1.03660377273009
1.10491670925855,1.25957037895631,0.302276052497081
1.80019399762483,0.241102151500992,1.40934577605743
0.777014678058075,1.74999784939143,4.85591182655414
2.09661118660047,2.87806798750405,5.77512823170509
0.173769195173254,2.52307306016829,3.25274729840737
4.53010671711692,2.80114233173973,2.93140352590939
5.3164712290759,0.847771850600699,4.54224687442447
5.70624173884495,1.71335673215277,2.12499741827125
3.45492164877992,0.287976098001563,3.30942175396528
5.8556203189112,2.49067344337331,2.047608785828
5.1448694415726,1.34323268440449,4.48655643056614
2.57206857216837,1.19724319218623,2.09666496486765
1.65927944031719,1.25623677314821,2.5358365525778
5.67398790345639,1.59569405002755,2.26761983216601
3.3607831477332,0.444548858705769,5.32471262304322
3.04408030115068,0.939390022613499,1.9325752417849
4.7294764496822,0.366682799606721,5.44597706516915
2.66088692466056,1.87846399565699,1.20512103357898
1.93443746502474,1.92821223547224,0.349488515342125
0.974975837399956,1.76864974025531,4.21379946615333
1.21843126656871,0.506894601368466,4.95866211596529
1.98722355435622,1.57982802406269,3.7490160664551
2.48931756115905,1.50986876817358,6.03957039856915
3.31255196125782,0.768028619559821,2.06557779226456
6.09129453300728,2.49690429605295,3.41651411103074
5.55000244344308,2.90988891115169,3.05324358464942
4.36010344203524,2.72044835602697,1.68842972140548
2.20773596794988,1.54010412028841,1.57273019373415
5.15036265944937,1.7014419807799,2.90089644112224
3.82417254379979,1.27003217237716,4.87706407372021
3.26206362681977,2.24418603638724,2.55926589507109
1.39633367677489,2.64785851773677,0.708797757711226
5.473964923424,1.88908576673947,4.6751786479416
3.24023957264162,0.76565478623043,0.686944636411988
4.99691593998863,2.28886856666218,6.0896589631181
2.62157927640889,1.4780556261852,5.46151971668846
4.65808204872136,2.47793198258279,0.810333974166568
4.31717306470894,1.23008406788614,4.93763141202537
3.83407505234634,1.76160516788266,2.26694270503445
4.26737899952145,0.720717591536859,3.63418185993575
3.54677975667694,1.87203961364249,6.13293630855573
2.19038386841008,0.441040173658993,0.143329937705373
4.68233795768384,1.37958044365517,1.70683790397266
2.3751126924495,1.67982623103777,1.30499980705858
4.65711860507129,2.80929242296096,5.84821380758339
1.3868240589005,1.70794923296466,5.62354794519855
2.24956129097169,1.45659273175095,1.21101738697394
4.4922845639455,1.27894332226226,2.63918568695121
5.6868972517515,1.35291691141202,1.80762011962828
1.77098674334874,1.17911268533711,6.20079896168201
4.15854516560206,2.16678555460331,4.44801045411523
3.10173555998644,1.84384896416147,6.15966351624309
5.93680420043418,0.922784302794671,3.71507054224237
3.80773342859934,1.80208436848309,2.68204803084585
0.67784826388054,1.20167746087782,1.04214306811547
5.27539400047054,1.33071067043814,0.997352181436463
5.75805663029662,2.75842534128556,1.66662572567399
4.37939422879381,1.52752830330115,3.62001957732596
0.555004860446196,0.154912273324779,5.0779807476983
3.98467551983034,1.29949791111608,4.58808821196826
1.09020850303238,0.773105816172912,1.24051624062751
2.28524706828169,2.38388819564727,3.62621111661161
1.87789722376899,1.84432162849352,4.26084598936228
0.756999549616,1.82502083534575,0.121905148598017
5.15513735022142,2.66438641297317,2.541065083712
5.72849521981215,1.78877854893338,1.34998306110685
1.30932651275105,2.72831908470746,5.82820737530887
3.12333436057223,2.15631554699387,4.40055793224349
5.73787471367618,1.93343668065639,1.35654001340038
1.785259469273,1.88943758309514,4.62726519113498
2.84450380108808,1.17604406603427,4.14102225500909
5.56164335154364,1.7127351641857,4.65297714410946
2.6199012563815,2.03437628436487,0.663577952945333
3.94018003321452,2.12198842638433,2.38687356132632
2.05573490924038,1.74589665773367,0.648459977126955
1.71366400653626,1.18689419087992,2.63386335012982
4.88196786195216,1.43786327126647,5.38670695004935
3.40672304731228,1.62203064134161,2.93715873358091
5.88218213069354,2.3791344519341,1.67825362385721
3.95593903258643,2.78534929465855,0.158545632937391
1.23927000080147,2.05330552954572,1.56309697825054
4.40962510940496,1.80507548529762,1.78580622531429
4.26036951656177,1.0178084087063,0.252444134037482
2.79439127028885,3.03792779869575,5.74283618396701
0.147688125632871,0.0840006489944405,0.990076262574951
5.41373790688997,1.30677201262236,4.54041591597723
1.99064232024531,1.33132904015021,4.60368680881908
4.58563390768284,1.58142629924055,1.46883456614199
0.0557505477826998,1.7529226893686,3.36600279265848
5.25070629556482,0.602310984624525,0.909747184231819
4.43050789386566,1.80171006383503,3.23298998812326
0.235348278902024,1.61160364548538,2.52645519047739
3.35596105164279,1.91488111501653,3.13160607776195
2.06625461122297,2.19988825401366,4.30895741673193
4.16390646501577,1.30293821957862,3.51702337878832
1.02939333782126,1.84457540625349,5.13748753922891
1.59852283667255,0.628784150248608,1.34070168254983
1.38279649837961,1.20441529238215,1.65427140279143
2.16900666278172,1.98351035141346,3.16736666742162
4.34668649879272,1.30586663879419,0.150756888353073
2.20665595683051,0.430868476160549,1.1935302877764
1.26183192299837,1.55721442745864,5.29915494025228
5.2711600947697,1.61039287588857,1.83281362749387
5.65132545801161,1.50624825642002,4.57009757764148
0.05697370149082,1.70656505727891,0.337475730160233
0.709818163048068,1.96493849154813,3.68585005608604
5.2016750965937,1.25659345647129,0.837931790099165
4.94658558325928,1.58855910449736,5.13709658476158
0.287019607120661,0.950795180810345,1.91816149060234
5.30092403858403,1.55333102293814,2.10840723596847
0.515636918688835,1.75155939433294,4.44483520906851
0.964734983854256,2.0634293301551,1.78809669630497
2.24530647056926,0.253534277120931,3.85839714187804
4.14176690389306,1.97976099310679,2.75037176850878
1.81870797484488,1.17574287411579,3.05744701051364
5.86415509223064,0.653237904926523,0.0110221109454063
4.66467805593574,0.449458000338589,4.75254271801229
5.59611239322385,1.66275568945502,5.3161983982245
5.91921548531749,2.82971647347623,4.48397950856825
1.65836061858353,1.08540376423853,2.69414091580681
1.11521778067177,1.28477051818783,3.08402431453602
3.33815158409033,1.48285858608924,1.05395764716546
2.46576242415799,1.09094849824096,3.15570203192809
1.2783828271735,1.45596862893733,4.44744950161479
2.89773678509056,0.50281454391412,2.03637079543493
2.56911320907377,1.90909889663068,2.4178029782842
3.58726516900121,1.05922726486818,0.571179710324692
0.282408922186925,1.57293655951365,2.60012008983157
4.50672359750397,1.73488003699178,0.261719467705936
0.558139286511034,2.09934958985759,4.63758945393574
0.688756917910278,1.13792173681709,0.0145233034608463
5.53417217150935,1.41240719370596,1.99217728334727
5.94724511331655,1.81127158940386,3.63602445897429
0.44945845814865,1.84163754020758,1.17575532210738
0.491397716199811,0.897001982453997,1.17571914624795
2.17770861795109,2.43444756469052,3.85566895091154
6.26294561718009,0.520090169172208,4.43890159283848
0.919475572710146,1.35549566963556,3.40564841554091
4.17043390561757,1.28902121185478,3.35756436679239
4.98971995198008,1.62770155738766,2.99018272575989
0.0296532933898375,1.60205485816586,1.38673622069671
4.04241476205403,1.86443615052467,0.922044835885504
3.60631811579475,1.74296396973476,0.354055497713783
1.64815532421201,1.26780597066658,1.39299812903857
5.14573489189047,1.70058649750727,4.24120040205432
6.16569344950485,2.99425684202194,1.33231052821867
5.28180364437909,1.6014068557928,0.611289272548537
4.51836078075357,1.83340412067753,5.69043696127569
5.47194954510872,1.96746318271479,4.54557155311384
6.16198441199636,1.31308421000528,0.181509883975547
4.06092314978397,2.22034454515598,1.48471462294811
6.05044279897255,2.4628561562708,2.09786892773369
1.75868047902632,1.92870841027564,5.19161101029585
3.43389286962326,2.19858898489102,3.51216468106476
3.28677539081278,0.478021657954875,0.223449586759201
1.54924495614997,1.90037473480233,0.782327840737604
2.35530264185563,0.491769693757613,4.20340497112123
4.2709723407207,0.340680020853572,0.655414323925806
2.98608498986657,1.63280224490081,2.40683169884765
3.37226108207559,0.39391346275431,3.33843487372196
3.30170031305756,0.796888724808093,2.38507287332281
1.868722088674,1.32280556406871,3.6337570053219
0.658721438677717,1.79880647857095,0.0424779128890043
5.22158460997783,2.23318505065374,1.92156536195732
1.7111201304314,1.60500367672859,4.75960946308605
5.80025900857109,2.15716143080103,0.0602558114326772
1.81796599827112,1.3169390930747,5.95391099929375
5.7351759044631,1.94093413054399,1.50942579019068
2.19131612666104,0.774308117112076,1.69306037089896
3.2425905567061,1.73570543833192,3.08124399587882
0.296276034220671,0.873885988854959,6.03999712069765
0.929586672587667,0.259219663481193,1.99852418902741
4.37847965235142,0.492968158054,1.72004935050082
3.44716962586898,1.63756921101468,4.91424283449373
1.64958023063127,1.02152780337125,1.07336589748046
5.2164279493425,0.73787358094177,5.46759608577983
1.69993078900433,1.72317160364206,1.56214130847842
0.900325508659723,0.452874430375414,0.765274148762951
3.95366680490218,0.537611702344308,1.62600845563613
5.55244849980514,2.17443997828449,5.92216572401512
0.0771931905778596,1.66956527760539,4.88921714184102
5.02063688485149,2.7831276899378,0.461517822397147
1.54509437414907,2.84494905057055,4.32689758313782
5.18545620983285,1.67981699121038,6.12489217056556
5.70818224345,2.99843179785902,3.94844333350851
0.868789436153404,1.91590862013949,3.26171030792535
5.02543039097005,1.09320235627338,3.8134410048518
1.86758704200383,1.7781564366986,4.33945046732018
2.44117784182114,1.52866358770254,4.77581028089645
0.762612098095535,1.84511279063837,4.69656547604051
1.54537970483072,1.49681806744091,4.43117656180302
2.42783585091074,1.84844997982265,5.82265911049406
5.85470262460157,2.54351974320697,3.1221786548825
2.38688066666918,1.2964626824198,3.42656275846707
5.15317353019168,3.04619752784346,4.58476201800647
3.15370522368504,0.784815586812541,0.836437202865563
4.46822977681726,1.80162742775131,6.18770742895982
5.98854298532254,2.36223384182616,4.13898900182019
3.52658871303054,1.12231549549082,2.28117563524628
0.902168991549924,1.03211882344693,5.09767495121604
1.60130077019572,2.14315823579212,3.03918819777291
5.83666018376026,1.93266163097233,5.04024234837742
2.53036541733651,2.09424737884995,1.56981364013809
1.86916081303437,1.6509574440025,5.86258704694861
2.81035082365263,1.44107678755474,6.14127128139408
1.90541364325584,1.14682429665082,1.21298921991598
2.81305053259065,1.31683326984226,0.966520869071207
3.39782881477844,1.64060546736252,5.04184370175326
0.704844538006844,1.51165663006016,0.976820163379603
5.5503017422155,0.601346226471994,1.79799653287701
5.76470231392263,1.33334823937239,5.34658524837993
3.25493097190449,2.8690103448322,4.54303577278011
5.73993336029054,0.832287605628264,1.92380610666153
1.54464422812497,1.44419926406773,6.20512700150381
6.02911575483752,0.650219711483162,5.96975389179261
3.69440996596916,1.44021253582815,5.09402994677374
2.81320524917992,0.449024339318397,5.62503511337291
0.670712549378563,2.94058455211746,2.43329738164351
2.6414457148424,0.634591859327584,1.85045840927742
0.36294887847028,1.03462970216362,3.25182902875427
5.30665995848671,1.06318095471286,4.55744768973326
3.61443203285407,1.71244262441461,5.37793840891326
4.22167879804166,2.69990157971767,0.665299667417127
5.84848292829786,2.46474893378705,1.54665157036214
4.52682893149763,1.81924666438018,1.43277208453298
4.02259291676291,1.95635535634773,4.23060370303407
1.25845587543734,2.37549139285385,3.30735809058752
3.99162191682313,1.04041587634928,2.00334368832306
1.47371145086171,1.14726281975926,5.33573638343015
6.05025603049705,1.32484563821191,6.16409631362371
1.15820678288376,0.263282501038246,3.37560044581445
3.68817690288079,1.31502405546123,0.276416188996438
1.05981534711344,1.80151100796882,4.49885535611588
2.98675300578746,1.97628187597633,0.302108002799828
2.92763696491963,1.50843325515093,4.83753781205588
2.30473403293827,0.384538497847701,2.1945866957181
1.84394588995289,1.53004532862659,1.31272927999952
0.157442440967713,2.75572919218395,2.80238913401799
2.74964736971643,2.21531804521852,0.45598866267291
0.30795108770844,1.0518299054072,4.41312844990867
6.05435927767737,1.83313412990567,6.16156672783592
0.208637405580648,2.44710971769941,0.979504285503568
3.84513764075566,1.56005679487727,0.842616776969409
3.02997856683605,2.97919228065512,2.35992715427482
4.99441559225196,1.59382356332617,5.94625994678289
5.19464494791258,0.711734780180818,1.5459508830472
3.92634453015681,0.523310820775572,5.38348831080047
1.83245262029744,2.68284703850043,2.25690931763182
4.35712865654141,2.88443662117963,5.81153265466508
1.29455963198071,0.404081321312631,5.19787428244951
1.52439400669001,1.81794239183513,3.22230552819138
5.49433194431968,2.17967451015656,2.55609419064212
0.733378500906367,1.32920945173536,2.77006478835875
3.73153679216646,2.62014610438089,3.59881506230134
2.01939059455623,1.92319795426446,6.2693734600254
2.50183046108534,1.35010577753224,1.66440756437935
5.8032177292211,1.75923075038818,5.50330119713305
3.11932151920813,2.69613568809067,1.6204987354091
2.27714580367315,1.6767053526708,4.11087355642705
4.40756924618176,2.77853746985094,1.19371221619051
2.19236994335761,0.711572368278256,3.25086164046587
1.73699540994193,0.958859803423987,3.24187138396782
2.21442015699348,2.84816385291897,0.782288788984927
5.31776488341753,2.58728870223731,0.429086352735416
1.97262310669484,0.336801093003533,4.13680256117779
1.38063755403623,1.2682241894171,4.79806382268057
1.62324904388853,1.12316406253209,4.23774201421958
0.26153060354281,2.99050335457196,2.83816788194712
3.27741808442535,1.1060605634629,6.09312282484515
4.13300171706152,1.69619188718232,2.608248393722
6.18644016940539,2.69305121993468,4.83980052968852
0.713164644591424,0.848818270990707,6.16360024452744
4.82773937232838,2.41622545328931,4.28197474015507
5.49550692678567,2.32479263685574,5.91206659685341
3.04289880872391,1.45754982398312,3.16357041517587
2.83405162444602,0.50622478617016,1.91427789151493
4.24199914992883,1.8183739560409,1.36555033054864
6.15726437977737,0.818479854526426,3.74095746558865
3.51392092045857,1.4457267987606,1.50272417161459
5.21002300707595,1.64666644595524,3.07328526397904
2.87992304162863,2.14092734369546,1.0375197416462
4.44193404580836,1.35074692118854,0.712967278153618
0.30078044530736,1.36508246621099,1.71373589544079
0.654326898211196,0.904393478768507,2.58235433829069
5.32916238964771,1.52883704975034,1.80612723275745
1.74665063743612,1.89150578989133,2.86801177460266
5.3381323664067,2.98230807945766,1.29458084308691
0.139005059857813,2.60401197818268,6.10408370994575
0.734860048159908,0.464076159780183,3.1221547889983
3.63052817160801,2.97879495882003,3.74833225280346
5.60093628571317,0.833187940629408,6.11765261820199
3.96627639000185,0.484678841563723,2.36524959427424
1.09920436403557,1.67070192399632,5.17162233266802
0.385327624696615,1.26113767013505,2.11922384276775
1.65172731177438,1.80599025249823,0.740657445131561
2.68707925081906,1.63334726863594,2.43298884799642
1.11808176111397,1.87314758735477,0.299416538138157
3.13469464366976,0.545378901317828,2.57939838548212
1.59257420554559,1.62564300723564,3.24671893585847
3.70859366657421,2.6747339079148,0.942444563732125
1.51787046186114,0.919189120557102,2.89040979814115
2.40716893337331,1.47069722071757,2.91332603506379
5.33204343029194,1.6465824753128,4.71891917028907
2.02273639670597,2.10240542385419,4.91774107666572
0.135412609989379,0.946693994096925,0.344487151464569
5.91035849274839,0.780911294861912,4.58344438090776
2.64748756273021,2.18445032278987,1.41396011030706
5.07208257322229,1.95304528921929,5.03293257194074
2.18751169477868,2.80321895178268,2.90051752101349
5.03384123636428,1.37115021286232,1.38497496874648
2.17168753137909,1.50517397816766,1.57706342555261
5.30274968089188,1.42282076579429,1.42836563566917
2.3965142065646,1.60012045124569,2.69931690205449
1.70917507532996,1.79296356882429,6.20643736718367
0.351717210341876,2.61598613992004,5.98751985443904
0.963614460390237,2.64151184964181,1.43078521525746
6.00193332424368,1.5204790187851,0.186599300685754
1.03527433856853,2.99714048788775,0.20308229570159
1.53737890633965,1.6000099836798,2.54629281309271
2.50753485540793,1.32826552036903,2.80413153918832
1.69046294143507,0.152769545782181,0.0984523832643607
2.71224035584273,2.08678609320588,2.99257584264035
4.41731124928623,1.29873593364376,2.09557297639368
5.01653172504832,2.29024898243749,2.38278707075953
5.12004970049364,1.39620405592977,3.8300186914058
3.8123271194463,1.67900303125855,0.00612572109054277
5.70832384132477,1.48635110202614,0.389318272392153
1.58253044310506,0.696098610580539,0.898927361331677
2.06008341318104,1.8939350783479,2.85139533996913
2.29391256776007,1.71606342659594,1.16647830391993
3.45539256313411,1.13967805469904,5.32734373972638
5.49991735223151,2.60965012097789,2.92763306002095
1.17645091983578,1.75736208574588,6.09680935171559
3.45824782294634,1.24369268881828,0.452020281265544
0.0667021172631823,1.78912079965575,0.010663083331262
2.16953851096963,0.623360008707104,4.08717353374652
4.42889681362973,1.92284768880078,4.95466349177876
4.18929679823172,1.8341122980527,4.20136235017189
4.27991763640472,2.46595391306161,3.29391677263645
3.01035887217234,3.00435669376546,0.94843506828446
5.56709643115773,1.24453895701095,3.46033861185106
4.17670837668444,2.9133662908259,1.91610266815459
1.78937957984305,2.84819018082515,2.12045223243078
5.33897129720822,0.603210531746552,4.96181123348771
0.736271952533159,1.56936038484971,1.06890347586958
2.81999052635193,1.12081070381841,1.77778897723254
1.93600042259225,1.52207926863965,0.986976030168632
1.3448134835475,2.89260762250808,2.35580156389452
5.66249172228156,2.71811673918285,4.91867770568511
2.05971694056844,1.62936218397644,3.72070729099836
1.99179361906161,1.42933830404914,5.7581662935667
4.17233029782015,0.186657506494448,4.10464317456899
3.35037230529048,1.55498087767019,1.35338514582869
1.8191788015885,1.29325355611584,2.36343317458812
4.43712984324315,1.35027807976493,0.0181206314757567
2.59540237321125,1.79390989482941,5.74378753655035
4.00832878014242,1.25150630834677,3.0648552332126
1.79455878234414,0.725107599422002,1.70932771412737
3.99943611187326,1.94736481933627,6.20591822630067
2.34131410343531,1.38078673678556,2.05587898736148
5.17656832185644,1.33558924208707,1.81501275422212
0.524424848547909,1.85907508357602,1.67960799932273
2.01186012043836,1.90685431364218,1.14884197524606
5.551757936377,1.41996335144646,0.682859072199315
3.37435891395149,1.67923152196338,0.764116860312779
5.41796248448006,2.35019209690418,4.27388731114309
3.60394055726458,1.47757140681762,5.87646451011922
2.75460056303354,1.10960145842026,6.0111433228599
4.56269666590391,1.33825121350606,0.0476426333452178
3.60605593338018,1.999513619343,3.70757442670655
3.66860977219049,1.84701167683544,4.41618774156189
1.85151572639078,2.65585926993137,2.06802898668294
6.16044358278948,0.531989978818888,2.52032332988542
1.17563381269758,2.51472856287486,2.37235286492679
3.64296458712825,1.86223715478455,3.27284636461649
3.95060876081018,0.578171616061393,2.40980524410425
5.98966018935626,2.5555600065799,0.615576874763397
4.99373871299168,1.53229086579192,3.41699243340851
0.72220856445972,2.02122596519416,4.60569983116894
1.62212711852361,1.65495119556504,6.24296127818039
5.13599838729628,2.40225008133982,4.53789609724897
0.863950888264819,2.99311802161812,2.64818687209294
5.39179303771667,1.18387945047673,4.55757773437393
2.84874911775958,1.76534018168281,1.68644972011634
5.09569394913972,2.61381812636474,3.65363171717945
3.60222825748302,0.232151247343247,4.90177980112714
1.58698222515367,0.440915808172971,6.04604400288029
3.81384847569591,1.14771469150008,1.89853858861824
4.71859693246798,1.62082121341329,2.12394785348584
1.18249764139678,0.273316787937761,6.16540329665433
3.99878996275277,0.295552074966831,1.36856760075978
1.20372043884214,0.518989025685716,1.85642395530512
3.7145209531867,0.989543700301698,1.75963427031554
3.34340394176173,3.04566347277037,2.00596072785126
0.28573956589222,2.93924863385067,3.29751417450648
5.72838061238569,0.583350919940897,4.64776433446144
0.576930033589896,1.63568007108065,4.13039904430097
3.35046923435393,2.01342301582097,1.84082651727808
3.66612258897986,2.87540210924715,2.59849144419471
3.86310030108204,2.06717961060861,0.418648931879302
5.12215188006406,0.185905487755857,1.44459197982231
4.73133297507888,0.552305239332344,6.0102849872109
0.211541927203806,1.45252728988518,3.15501900569304
0.837365500700282,0.863889846484355,2.1399714592188
4.97915155047294,0.505623475020042,2.69960725075023
6.0229215198976,1.51540798372271,5.94700029742952
1.91292560578524,1.68648805946073,1.3639299700172
0.39402863660282,1.34479945446351,1.07116135142997
5.68855726723055,1.56476406342333,5.13254475886624
0.285653702093647,1.35564963114311,4.91121952051269
4.96619496168774,0.397273292045948,5.51729480251715
3.8215402728261,0.573272600032343,2.30841076702722
2.73491616531942,1.11512788529525,6.20453999478856
0.41755394502116,0.391196925597003,4.39207486174861
2.26357327603207,2.11997072257457,1.18408021376149
3.47354878673627,1.65192301298295,1.98467346429451
1.90469897315668,1.79418504185138,1.2842884523503
4.60358237259209,1.66367194186241,1.72394053241813
0.147639333608149,2.49657679384312,2.72973657030174
4.24473899083716,2.57405957475112,4.72305927185875
4.7711525976287,1.63037743563607,5.76337681824271
0.756775032770471,0.944783721580139,3.47245575920897
2.03333070188954,2.79888273587458,1.11286782988619
1.94480075542447,0.0976045356389602,1.41813603483245
6.1487263143999,0.117148164484412,5.04937036724177
6.19750214585166,1.20698373824358,6.16905717595914
5.58605785262803,0.883755917060346,1.61300316356323
1.09614458360183,1.87166083859332,5.53100353031236
1.58572681742421,0.375567614078711,6.1863392012179
5.6896437863412,1.95320890659717,4.8615154424799
1.25643731225441,2.71779448483432,2.70373261889422
5.69495933238669,1.60588355996483,5.84734466153012
4.58213323511648,1.71537894366723,1.13666463942882
5.76245624959084,2.18438092757518,6.23374142270967
5.31040404491774,0.75918007420419,0.63959786922447
4.373888924328,1.77795247789495,4.27168992082886
2.71942459335156,2.10890806186723,2.88910656584097
1.42696263802075,1.67920893049616,1.61636579937487
0.22111806254869,1.12678997341525,0.141051484264694
4.66325011692059,1.35506467710628,0.0728820692249741
1.58293280579982,1.66700995291695,5.54591506717318
1.52192095599995,0.352848421870975,3.86906041099392
0.997364679732797,0.794972603541583,6.27938480745523
1.6948508327656,1.38634001749631,1.10589566867402
5.45836246015497,1.22981583670971,3.07498984832728
1.23315993461067,2.85501837172824,2.74637227883184
2.60577816470913,1.36321423430972,0.855185478819447
5.9309546898191,2.0842730576983,4.64120392348178
4.62163540526394,2.43706346135659,5.15789746239996
5.65104271126825,0.649573084535864,4.43981013495342
1.47397593183585,0.895773504948914,4.32958704223935
0.718416422546688,1.03721653521509,1.62069196627854
2.98909638831113,0.48798744043845,5.93930115521982
0.205175184716108,0.863228079705462,1.12326167890315
3.14840930454266,2.17300451036554,6.11527564633584
4.91694729896059,1.69040581607769,3.42995984850538
4.27471656116948,1.91284279884467,4.599933213857
1.59807997886917,0.160904537467507,5.55652398183994
6.19502566330022,1.04618322570156,6.1039038617455
5.58658768230915,2.21509421253723,3.71976447377919
3.33051599670138,1.84451552843051,0.145281423491999
4.69596820982643,2.34401193884705,3.77642665444005
4.644326245315,2.20433423142672,1.42144962424565
3.2528560960593,2.6810648239319,0.499226620038214
1.17560204191652,1.18967809297843,3.91206479252179
3.15356545868224,1.64821673945793,0.0765160423322984
4.66869543886767,1.22672286033288,0.183269329560402
0.486259515858291,0.617163564694063,2.54768931161011
6.02478933937725,2.71682735462304,4.93382236663018
1.96268008730672,1.93650146885203,6.18753838988014
1.48710302534903,0.216068369191949,3.01473788429456
3.04970669780593,0.952945499498848,0.291614885085415
3.23109498855137,2.66072947431112,2.42407890522658
5.42323420110272,0.58485516242535,0.266622354076434
2.15676562264061,0.658933655298424,5.26018120292426
5.27051216223819,1.89853101844234,3.63600882727529
0.981934406456595,1.1840207085502,5.03188496952915
1.4398378677172,1.96801100104033,6.24617594321309
0.903853691891855,1.1639995273348,0.323406458985628
1.06824230205386,1.47080396454511,2.1458326878484
0.524293574673119,2.74265757648425,0.290645493895076
0.825389742234235,1.84192683828554,1.86807604103436
6.16806185180363,1.62201375678225,0.316015522679398
1.50619011439966,1.53335250913307,4.93388939419583
1.1675637534293,2.06250155994759,0.782935936180358
6.04509749334646,0.535931125848197,1.49287263210878
0.888758986042562,0.673628273928421,3.97257554847471
3.48918514832892,1.20705030266728,5.99409240400359
4.5341853118408,0.228175331120698,0.725005795888356
3.77649900649289,2.48964600391276,4.71258008501574
6.04437691732742,2.7828739852226,2.72259740535441
3.63403940576089,1.79705682683472,3.38768553597135
2.63163215115545,2.30111537655508,3.08791103670553
2.7753082158764,1.78802185038142,6.17867069667493
3.61849856684626,0.803495673781235,4.73454326413049
0.782916128661764,2.99559781419165,3.80275786356236
3.76356688255449,0.506278930480594,0.819190365806148
5.83184496931097,0.196517963193858,5.90994596882047
6.00611545594484,1.85208697369658,3.12948762762755
0.0755366355809057,1.25783989065379,3.47083076372622
3.159729366768,2.16957159068475,6.19298881540901
3.3063163260047,0.856127973605222,0.340021575693613
1.2149994990632,0.410874694903632,3.61017865543421
2.99781641756459,1.9386333089726,6.19592237351661
1.06544592031724,1.23532163115198,5.63911821821784
3.11959973239841,1.92968434285087,1.54545093548183
0.637913810873863,1.28278019282833,3.54248917088635
3.54092723044218,0.533713471601682,2.192816596678
0.0971947770644108,0.623001201273027,0.355600094330027
0.253473706629699,0.434368755707702,1.27154631634246
0.517416931941179,1.15917381417177,5.81157945489993
0.448781677181421,2.79744728726476,3.11208521562534
2.1440052034796,1.82292515611867,4.7602701389443
4.34745775589278,2.23764384095549,1.71810315978571
3.39961318804082,2.51576032601437,3.43332687726651
2.5350445376073,1.06720721439691,4.79047539809001
3.82133895276396,1.88720292816382,5.73269003647592
3.29768163995737,1.76773183743548,6.10753164087402
4.32615466573603,1.80760330802986,0.191411893568644
2.40839540987644,1.81473730653389,0.545194716526677
1.53742451112671,1.43951849670859,2.65730096890424
6.13765670893761,1.1652982929174,2.64524322599762
5.68561968033534,1.24289165878928,1.25233860039497
2.51282403928248,1.66084587818883,5.1044276434987
5.08734593699308,1.39097231771316,5.51223232836978
4.37675857249699,0.893154401964449,3.61177394506155
3.97884247767299,1.94609820160858,4.16734241629317
3.43831477703166,2.10090247249475,4.75259400598969
3.93152963314572,1.33145058776211,4.33668101783436
3.60103974467172,1.38176851409089,1.79502810347931
2.42879564477077,1.14077741418779,5.41540789355313
3.67131749683013,2.10982941588301,1.72813133469564
4.27228472213909,1.59306211209436,6.245077380201
2.05334425939504,1.88199977984389,0.038402294548149
6.23049956931248,1.77722817176296,0.357019052760371
1.58979993359795,1.68519743767449,4.8644930742891
3.92731923234252,1.4041623130823,2.05159707974679
4.18917278282839,1.91241693316082,1.44805641624205
3.15360790626187,0.471172290387492,4.95425215611844
3.45793006493508,0.521668277818077,3.5425094181353
1.47155724515392,1.43592571940498,4.3364674857872
1.55558777637936,0.712982676809312,2.27033031042673
0.951231061733476,1.81855518795513,0.254537158549682
3.31185978831429,1.27212050182583,4.86656811219846
4.33832398020259,1.92024769357341,3.91091195481476
0.752848518258307,2.89701324752314,1.32529078706247
3.96845359021762,1.01457438975223,4.39856531984014
4.26517371583571,2.65183815000972,1.16296469791054
1.97171392728524,0.589261520390198,4.93306702258124
1.39618392786849,2.90028398663833,2.74138445179692
1.50071265239134,1.19984911515866,0.421348104004446
5.5802803656544,2.51878911065963,2.22568767271872
3.38271597822615,1.39265361605203,3.67058881089108
0.701073449343284,1.32463926520944,5.21296373913719
1.80867765697055,1.56339841367028,6.11306503523243
3.93915106468486,1.52455105487388,0.176104276265058
4.3725408364122,1.4363575414978,2.94482906354243
2.5933447480479,2.14019904290199,5.25057475798406
4.81946323649242,1.92848266475198,1.75379429562711
2.68987752418512,1.96760164839363,5.18878233903161
5.12847425461858,1.32307606413595,4.89927785436882
4.80427389230086,2.08215573035659,0.311224635035088
4.17671837339392,1.96660764734126,1.95812245192811
2.78751428613336,1.70694078846589,4.70964327033127
6.19857342171112,0.827311961728572,4.44475636722901
0.678519338359247,2.54603787215288,3.32446482457594
5.36662711387878,0.907725793137373,2.35049621758383
5.37421995372249,1.26974381992996,1.91003207069371
1.87856496685293,1.53690659395558,6.03885070361282
5.10886689208552,1.79751172539081,2.02306667089787
0.38769061299438,1.3925362936364,4.49885643123431
5.24531677959723,0.524273826154709,1.46136874898333
4.57207218281587,1.50192582131147,3.73904950478276
2.41704474885474,0.925009736423136,6.22327634494189
2.11529348509677,2.35956189412476,5.936744597261
1.73597275074431,1.56572642163909,1.55292966735218
1.71794548730451,2.64513985688182,4.069211124758
0.732326609919159,0.991251158640572,4.7543945013041
1.80405159548447,0.614819056943554,0.00325066004119368
0.286807764491655,0.519203872004468,4.04247622895389
1.28125070749327,2.50757056874696,5.462800023956
0.589781158391587,1.87138207250825,6.09792364300602
1.44023285618027,2.8307425549877,3.02149112308684
3.93473081640874,2.63617279831769,4.36047102952892
5.81373855596722,1.43843819664899,2.33204625623198
4.45162926999766,1.89679797116044,4.90063645641861
1.1245019971331,2.03527201510615,3.83487281194631
3.72674458957655,1.71699066745144,3.66646083014483
3.8035429301818,1.34051364622574,1.53751506055722
2.50409053311664,1.55547136385015,0.19790227636852
3.95501585896853,2.78871635329876,0.657408065011005
4.61101233971299,0.290795279099164,4.00928991882326
0.0116691961549593,1.3113300142308,2.07415457004882
1.33298600947798,1.87583759930788,4.59764313224904
4.2240300449653,0.787535162613653,5.53299999489064
0.272551752581224,1.37479161935243,1.95924125516968
4.4583394989246,2.15268458930702,0.449444256221489
3.49994383947513,1.78683266318598,4.90475659831417
4.66681067123399,2.01602338800837,5.75256207065054
6.17645017005464,1.76057395592519,5.49786935365973
0.2010187689053,1.71932179765461,4.60544397362754
6.03044370344186,1.65811460326829,1.07586446803679
4.44225856556358,1.32561886867746,3.34347160251972
4.50524363158789,1.79464760597252,5.26760481571527
2.2451805205156,0.559769151893446,0.619474884714128
0.750521512893031,1.49242397637852,3.72094985302333
4.36434781356441,1.0260610543087,3.59639608357762
3.93925727479024,0.453425410934895,3.0792415588723
5.84694762853159,1.85349076670302,0.0279069514753267
2.18093168539304,2.24102409649849,2.88592821473893
4.8127971009078,1.71884152241429,2.85086863992885
4.14094946924408,1.60340068177654,0.498411944410845
2.39654539326384,2.43796226795546,5.86453006406568
1.2303809162059,1.8431151416239,4.41704104894718
1.68203184746546,2.34620345865515,4.36364449047072
0.523616093692414,1.69171368069195,4.21454605686421
2.10388489548251,1.59771019757345,4.31949740795693
2.99919647745077,2.21266485080622,1.83569488759872
1.47175616018349,1.21276690697516,1.78541476724142
6.25266312226361,1.54470537516176,1.13237493288478
0.421471558041175,1.9130039929509,4.33221890705946
3.88569744364968,1.42912320121804,4.59676601331812
2.72115833465714,0.377705405244629,0.435461361122822
3.74274409083589,1.30202986447321,5.98625244449089
1.7907333041776,1.53155597319052,6.1826290545232
1.6158272114948,0.284424326164402,5.25752595123728
5.13129461083217,1.05071186339595,0.120664502982243
0.99615300473196,1.08391063277326,4.48874594770019
1.1035099863553,1.06842203007619,2.61030284877611
4.74655511872189,2.43561648954836,5.91214965130378
0.0831670216406311,1.63817859435895,4.84063920045629
3.39409033681282,1.41643166043227,5.12456041496999
5.97780628157317,1.07775194538098,4.82609753928875
4.19109152231966,1.7588393273231,3.52109293386131
5.77960140152923,1.57271791188392,5.12992946282601
2.22260660889145,1.62135644324232,2.94312184281483
3.10425129077102,2.52481537524067,4.08722050363329
3.67111260467388,1.61117232656666,4.95524638946525
2.00422846763118,0.32706697109223,1.72952717626136
5.70319238797437,1.25332660019042,6.26472340843127
5.62757290555443,1.37948598409842,5.86316559427152
5.16092064939605,2.9044450557318,0.661145312765038
3.73995024727982,2.82014662798992,5.5005471633189
2.54726664111199,1.82512903218013,4.95439082673878
1.21308623763654,1.77422189573968,4.62229075647039
4.71286713969509,0.983110664732696,4.8853269635764
3.6124771881721,1.32414647185358,1.82011525472798
2.20769720425368,1.46693598282714,3.69910519732725
5.31950852283961,2.82352606249387,4.99245774149664
4.90181432664695,2.63074205917814,5.25564216523445
0.186324298850642,0.876642374806188,2.07060703676287
1.41534257773463,2.02617410443065,4.22990382077825
3.11552865060777,1.81308664125461,0.0695624854345578
5.12201176849312,1.60630347631454,4.81283579164328
5.44422341965854,3.08958318761391,3.84632825262364
0.732207946542824,2.72490281353642,4.32385833344855
0.986070772755478,0.609053209284096,0.179078304574529
0.550899908620864,1.16674648892106,0.754231210951277
1.8805049762838,2.58730819887988,0.896763865705146
5.07574354613442,0.903039702216257,3.12023380354248
4.7419395529075,0.701945897152073,4.1251066630039
5.19552637233673,1.96003566803151,5.5409030694738
5.12137252075784,0.298946126829348,0.0824903342708723
2.15101814057013,0.781860699941849,0.10801267702554
3.20562477792075,2.83278802124099,0.300842624424312
4.25273066002603,3.06829823741622,1.74454253721644
4.56075534969412,2.0183622227602,6.03427383816942
4.03561453921526,0.227431592131198,4.30101285774807
0.836160312732737,1.58176507691049,3.79075200553171
0.233690443279789,1.7266516030493,4.35187926832244
2.61449682035373,1.46117773987844,3.34459174711555
6.05986949213678,2.02341552431353,6.25843519503456
5.13900468067155,1.90862626464925,0.65147152015827
1.86593019304553,1.08069694679888,2.64889365297743
4.13417981903133,1.31340469331994,5.09322282368988
0.401701472384653,1.55461896241217,1.40267898523744
3.80751997722344,1.509492019169,5.39451124936983
1.23791238660038,2.02084073257439,5.21200391397154
4.06220751174622,2.66782423957604,6.1033141102986
0.0805713567843398,1.78323740465001,4.25916555614628
4.33645952742587,2.00009505573819,4.22424492582669
2.30190687774233,1.34236328016576,5.50063179763213
0.47535489792452,1.27792657696524,4.205608943676
5.17521809183173,1.59679428811485,0.031150974967197
0.285794682545253,2.85477253368821,3.36265365735349
3.06297762245803,1.79493352445407,1.3552480281056
5.5788808691336,2.60429679130479,5.94623674110291
1.34213141513779,1.35230591316508,3.95458139590581
0.249105233314166,0.996621138842969,1.79054640851941
3.53402887763752,1.60455618370017,2.80629674500707
0.776418040993348,1.71033067032998,3.68822039273913
2.8760298760217,1.95748453650063,4.50395728866154
4.68017307142262,1.33536325667561,3.1203305383809
5.7769458678205,1.34381136920814,2.41427463064231
1.44966018917502,1.23451830228254,4.73024038790683
1.20454241470018,0.619572885036094,1.29934143264509
4.38220282076765,0.334380675755627,2.43129454411975
4.04221581426974,0.837598836244949,0.510310924119219
2.44231929308043,2.31971910830931,4.76384004465095
5.42705696657041,1.20338564576712,5.89013323341825
2.40074147519916,1.09460149664089,5.25345309347009
2.14442859791289,2.56547099003401,4.32811100807399
5.2128096461162,0.863006338700411,5.36390757172421
1.92847274225818,2.35045182711737,3.85865983177015
3.05056220383377,2.55512831842672,3.6750832327533
5.6332524990714,2.27504389045161,1.38130062222973
4.91923315138875,1.81902884009036,2.23700971221457
1.0227537068292,1.81402343189621,2.20506819847968
0.705859123977423,1.83363444513416,4.96217025744468
2.92210016994726,1.31876641388606,3.32999211638343
4.0039951115066,1.15843450784457,4.75491852669756
3.13282432952795,2.63700684089458,5.79175821054078
6.00851294899797,2.78733931224241,2.31467765886147
5.55739717228135,0.745593080693182,3.22012411816058
1.85512803928475,2.43295341181614,3.32307245766266
3.94942651157129,0.317409137680766,2.83319735706899
3.40008376153052,1.38486982335916,0.513011027913013
1.72380347659382,1.48211075623355,2.7846818078097
2.93905714988766,3.05483264283862,1.1427780463142
3.25317240786205,1.68946474827497,1.41793240226852
3.78077186682863,2.39153886109738,2.78563623403413
5.77043783437463,2.73320551458713,0.923434813160152
5.96034067365328,2.59745834346436,4.17553327933596
0.324754682709517,1.36219393395061,5.89919300966402
0.692533967131193,0.381278786734106,6.13833536995596
3.55159149581981,1.95330295800761,4.74178126765374
2.50984014256338,1.09978094363012,3.3110986687818
1.15701972374374,2.37514195497601,1.42637226152985
4.12550399141395,1.97147408349515,6.20458191379579
2.00976791341342,1.30051536739466,4.87865567360318
0.361249568304115,1.49181989412987,1.87595543513057
4.53763077096136,2.28699617774253,0.827464658838653
5.52496988977902,1.4401664631861,0.410679405286616
0.934599262523788,2.44482771336871,2.60063154808637
5.72687519183644,2.52419219912127,4.03052983206259
5.83297545899145,1.58828120186665,0.752904809558074
4.31453433153555,1.08366691878513,4.95509064624543
3.0697669030349,2.02999228507287,2.66432794015564
4.07126388482675,0.892968417479229,0.364427742218139
1.94263263261169,1.31704173703317,1.51555446289052
5.02911283547335,1.19549097037262,1.50335914663121
5.43786208515699,1.72990187770059,2.98095576590949
1.66811072508136,2.84151162337105,5.77620552775107
1.60073046966335,1.69363855008541,2.75561876420341
1.80229936489544,0.344995557226577,1.47812093899391
2.34030518961184,0.261558539023006,3.12041176989533
2.05013229637754,1.87580297138863,5.86015078560046
0.38584438628108,2.33508425159525,5.69543525902745
4.35816231964804,1.30139295651011,2.88308161557735
5.21480723265669,1.50557736294519,0.629079324098484
4.95206212452609,0.490520290465628,4.18590013566128
5.07474387001273,1.04153582171747,3.5395502416774
2.74424480594565,1.63997224231636,1.39145193767569
1.66797218636547,1.06445005837223,4.95222599128762
3.51346148073162,0.331677736691208,1.41398920560903
2.64406624605744,0.675473713984689,2.04746242495558
1.37181683018822,1.09743923269599,6.03259144227319
0.362680906523239,1.40818242808394,1.46098473680258
4.8560984260451,1.96242193389816,1.82108236623503
3.91410890081266,2.10680987228066,4.84042999605661
4.60867108647709,1.39668186957162,6.14046159970586
4.71620804680402,1.69929574295266,3.20016801032625
5.11473674653615,2.57377396353139,1.44425886044975
5.287425264781,1.43913384530319,0.109658647375934
3.6242868011711,0.93934748793481,5.00305020285616
3.16352052787778,1.81334821331332,6.13933027273883
3.89725765324791,2.48355035239366,5.13383908360681
2.09384302908301,0.254049316677031,1.09711962892202
4.29959836382297,0.952320715648586,0.329717277772635
4.68717528100415,1.57845479764117,5.06916796591425
4.94201025490111,1.75950916546261,3.88284803661532
3.32954235929891,1.39198906682393,5.95841429757296
4.74265061913808,2.81129506167877,4.80527245321635
3.57697759051275,1.22166815855287,2.60638720900193
1.9306730941214,1.87880977785247,4.88194429350127
2.59809601679685,1.96794476318298,4.83201193146758
2.71221770669207,0.0262201337642259,4.91892097260458
4.42989838366874,1.98670222537797,5.8647368117166
2.70587980859406,1.9182346864346,6.11548082549756
5.05811560903105,1.18503162787833,1.35283272133238
4.5643503302866,1.70718710296292,5.49017676640879
3.24450886473534,1.73413347177557,5.86442805642386
1.52461217635875,2.41767512970832,2.89868428062555
0.921444077742165,2.51987621638837,1.95626248734018
1.52846571939536,0.790110823606567,3.21057292547271
4.85871383554709,2.52084811310196,1.35515141145469
1.49127970190755,1.47364305058374,1.80072663033895
4.62129667132452,1.84347363609718,2.24129091011775
1.89661204217012,1.94765047000931,5.83887676652167
4.95668735836173,1.66390441194349,1.70927487314417
3.02094410472084,2.95598809317076,1.87950303834393
